HPWL 40572400.0
SOFTMODULE 16
CPU0 4
3525 300
3525 1344
4569 1344
4569 300
CPU1 4
2481 300
2481 1344
3525 1344
3525 300
DCL 4
2150 2497
2150 3739
3393 3739
3393 2497
EU0 4
1398 220
1398 712
1890 712
1890 220
EU1 4
528 1008
528 1500
1020 1500
1020 1008
GAM 4
348 374
348 800
775 800
775 374
GCL 4
1142 2316
1142 3300
2126 3300
2126 2316
GNA 4
1559 856
1559 1777
2481 1777
2481 856
IPU 4
3393 2819
3393 3739
4314 3739
4314 2819
MCC 4
2481 1513
2481 2497
3465 2497
3465 1513
MCL 4
775 339
775 961
1398 961
1398 339
ME0 4
268 2363
268 3194
1142 3194
1142 2363
ME1 4
300 1500
300 2363
1142 2363
1142 1500
RA 4
3465 1345
3465 2499
4619 2499
4619 1345
TMU0 4
1020 961
1020 1500
1559 1500
1559 961
TMU1 4
1142 1777
1142 2316
1681 2316
1681 1777
