HPWL 108523600.0
SOFTMODULE 21
CA0 4
2004 1
2004 816
2820 816
2820 1
CA1 4
151 1139
151 1954
967 1954
967 1139
CB 4
1599 903
1599 1380
2077 1380
2077 903
CPC0 4
850 1
850 339
1188 339
1188 1
CPC1 4
1261 632
1261 970
1599 970
1599 632
CPC2 4
2137 1627
2137 1965
2475 1965
2475 1627
GPC0 4
365 1954
365 2539
950 2539
950 1954
GPC1 4
2137 1965
2137 2550
2722 2550
2722 1965
GPC2 4
2137 816
2137 1401
2722 1401
2722 816
GPC3 4
1552 1965
1552 2550
2137 2550
2137 1965
GPC4 4
967 1455
967 2040
1552 2040
1552 1455
GPC5 4
1552 1380
1552 1965
2137 1965
2137 1380
GPC6 4
1419 1
1419 586
2004 586
2004 1
GPC7 4
950 2040
950 2662
1500 2662
1500 2040
GPC8 4
150 554
150 1139
735 1139
735 554
TPC0 4
966 339
966 570
1197 570
1197 339
TPC1 4
1188 1
1188 232
1419 232
1419 1
TPC2 4
735 339
735 570
966 570
966 339
TPC3 4
273 323
273 554
504 554
504 323
TPC4 4
504 323
504 554
735 554
735 323
TPC5 4
976 570
976 801
1207 801
1207 570
