HPWL 4902833.0
SOFTMODULE 28
M0 4
318 1932
318 2379
766 2379
766 1932
M1 4
1128 2513
1128 2960
1576 2960
1576 2513
M10 4
1800 317
1800 633
2117 633
2117 317
M11 4
897 2197
897 2513
1214 2513
1214 2197
M12 4
1865 2143
1865 2459
2182 2459
2182 2143
M13 4
1 1920
1 2236
318 2236
318 1920
M14 4
1641 827
1641 1143
1958 1143
1958 827
M15 4
1548 2143
1548 2459
1865 2459
1865 2143
M16 4
132 1604
132 1920
449 1920
449 1604
M17 4
1920 1
1920 317
2237 317
2237 1
M18 4
1958 1036
1958 1352
2275 1352
2275 1036
M19 4
2182 2083
2182 2399
2499 2399
2499 2083
M2 4
1 2520
1 2967
449 2967
449 2520
M20 4
449 1616
449 1932
766 1932
766 1616
M21 4
592 1443
592 1616
766 1616
766 1443
M22 4
954 2513
954 2686
1128 2686
1128 2513
M23 4
1576 2775
1576 2999
1800 2999
1800 2775
M24 4
1958 633
1958 857
2182 857
2182 633
M25 4
766 1143
766 2143
1766 2143
1766 1143
M26 4
40 87
40 1143
1177 1143
1177 87
M27 4
797 2143
797 2243
897 2243
897 2143
M3 4
1766 1636
1766 2083
2214 2083
2214 1636
M4 4
1920 2552
1920 2999
2368 2999
2368 2552
M5 4
1352 1
1352 448
1800 448
1800 1
M6 4
449 2379
449 2826
897 2826
897 2379
M7 4
1177 448
1177 764
1494 764
1494 448
M8 4
1576 2459
1576 2775
1893 2775
1893 2459
M9 4
2182 720
2182 1036
2499 1036
2499 720
