HPWL 157998925.0
SOFTMODULE 20
CPU0 4
3140 3026
3140 3948
4062 3948
4062 3026
CPU1 4
1027 2023
1027 2647
1652 2647
1652 2023
CPU2 4
402 2023
402 2647
1027 2647
1027 2023
CPU3 4
3972 150
3972 774
4597 774
4597 150
CPU4 4
635 171
635 530
995 530
995 171
CPU5 4
334 547
334 906
694 906
694 547
CPU6 4
275 188
275 547
635 547
635 188
CPU7 4
995 171
995 530
1355 530
1355 171
DSP 4
2405 2700
2405 3435
3140 3435
3140 2700
GPU0 4
694 531
694 2023
2186 2023
2186 531
GPU1 4
4062 3281
4062 4027
4808 4027
4808 3281
GPU2 4
4247 900
4247 1646
4993 1646
4993 900
GPU3 4
695 2647
695 3393
1441 3393
1441 2647
GPU4 4
2186 298
2186 1044
2932 1044
2932 298
ISP 4
2194 3435
2194 4257
3016 4257
3016 3435
MODEM 4
2823 1246
2823 2669
4247 2669
4247 1246
NPU0 4
2186 1326
2186 1858
2719 1858
2719 1326
NPU1 4
1652 2023
1652 2776
2405 2776
2405 2023
NPU2 4
1441 2776
1441 3529
2194 3529
2194 2776
VIDEO 4
2932 207
2932 1246
3972 1246
3972 207
