HPWL 347026294.0
SOFTMODULE 15
A0 4
3025 6085
3025 6717
3658 6717
3658 6085
COM 4
5362 1646
5362 4808
8525 4808
8525 1646
CPU 4
620 1
620 4473
5093 4473
5093 1
D0 4
3830 9555
3830 10449
4725 10449
4725 9555
D1 4
8266 8936
8266 9830
9161 9830
9161 8936
E0 4
6560 361
6560 1646
7845 1646
7845 361
GPU 4
3907 4808
3907 9167
8266 9167
8266 4808
H0 4
2294 4473
2294 6085
3907 6085
3907 4473
H1 4
7845 1
7845 1484
9329 1484
9329 1
H2 4
9161 8966
9161 10449
10645 10449
10645 8966
IS0 4
8266 4808
8266 7808
11266 7808
11266 4808
IS1 4
8525 1484
8525 3605
10647 3605
10647 1484
NPU 4
620 6717
620 9926
3830 9926
3830 6717
PW0 4
5093 1
5093 1328
6420 1328
6420 1
U0 4
8525 3605
8525 4237
9158 4237
9158 3605
